          28
   0 1.0000 1.0000 1.0000
   1 0.0000 0.0000 0.0000
   2 1.0000 1.0000 1.0000
   3 0.6275 1.0000 1.0000
   4 0.3922 1.0000 1.0000
   5 0.2627 0.7647 1.0000
   6 0.2549 0.6078 1.0000
   7 0.3529 0.3922 1.0000
   8 0.2549 0.2941 1.0000
   9 0.2353 0.7373 0.2392
  10 0.6471 0.8431 0.1216
  11 1.0000 0.9020 0.0000
  12 1.0000 0.7647 0.0000
  13 1.0000 0.4902 0.0000
  14 1.0000 0.0000 0.0000
  15 0.7843 0.0000 0.0000
  16 0.8314 0.3922 0.7647
  17 0.7098 0.0980 0.6157
  18 0.5176 0.0000 0.5804
  19 0.8627 0.8627 0.8627
  20 0.7059 0.7059 0.7059
  21 0.5490 0.5490 0.5490
  22 0.3529 0.3529 0.3529
  23 0.1961 0.1961 0.1961
  24 0.6471 0.4706 0.1373
  25 0.5020 0.3216 0.0000
  26 0.3922 0.1961 0.0000
  27 0.3137 0.1373 0.0000
